AIRA     3.7308     2.6356     6.0356
AJAC     2.1716     1.4413     5.1760
ALGO     2.7287     1.0472     6.7742
ALIC     2.0380     1.2334     5.3347
ANKR     2.3636     1.1262     6.3708
ARTU     2.0472     0.4566     6.8199
ASPA     4.0890     2.9868     8.8244
AUCK     2.2650     1.2915     5.6658
BAIE     2.4412     1.2095     6.9844
BAKO     3.0893     2.1590     6.1504
BJFS     2.4346     1.1682     6.0384
BOGI     2.6355     1.6795     6.5593
BOGT     3.9408     1.4105     7.3738
BOR1     2.0998     0.9229     5.9958
BRAZ     2.7264     1.4398     6.5175
BREW     1.9447     1.0531     5.5294
BRMU     2.5067     1.3287     6.4633
BRST     2.3815     1.3389     6.4402
BSHM     2.4736     1.4325     6.5250
BUCU     1.9933     0.7600     5.5033
BZRG     2.3157     1.3854     5.8439
CEDU     2.1751     0.9959     5.6458
CHPI     2.3242     1.2175     6.1026
CHUM     3.1209     1.0530     8.8838
CKIS     2.9920     2.2077     6.5171
COCO     2.7556     1.6987     5.8290
COYQ     3.5690     2.1641     7.7666
CRAO     3.0716     2.1868     6.7983
CRO1     2.8783     1.9423     5.6528
DAEJ     3.1715     1.6207     5.9113
DARW     3.1345     2.1194     7.1410
DGAR     2.7352     2.2324     4.8775
DRAG     2.0770     1.2818     5.6071
DRAO     2.2180     1.3308     6.0820
DUBO     2.3533     0.9640     6.3919
EBRE     2.5361     1.8729     5.1669
FAIR     4.7939     0.8582     7.7397
FFMJ     2.0586     0.9932     5.6042
FLIN     2.2925     0.8824     6.4306
GENO     2.5818     1.3525     6.0682
GLSV     2.4123     0.7114     7.0604
GODE     2.4883     1.2955     4.7375
GOPE     2.2149     1.0575     5.7176
GRAS     2.2622     1.3366     5.7110
GRAZ     2.2033     1.0707     5.5429
GUAM     3.7707     2.9342     6.9712
GUAT     2.9483     1.4159     6.4283
HARB     2.6572     1.2847     5.9051
HERS     2.1715     1.4773     5.0009
HLFX     2.1500     1.5135     4.6867
HOB2     2.6279     2.1031     4.9249
HOFN     2.5327     1.4543     5.4258
HUEG     2.1748     1.0160     5.8295
HYDE     2.3590     1.1902     6.6313
IISC     2.3270     1.1306     6.3323
IRKJ     2.1650     0.7168     6.6527
ISTA     2.7171     0.9333     6.2552
JOZE     2.5668     1.2267     7.3257
KARR     2.5202     1.3604     5.3711
KERG     3.8488     3.0824     6.2049
KIT3     3.9180     1.6602     8.7298
KOUR     2.7945     2.0667     5.5546
LAMA     2.0030     0.8178     6.0279
LAUT     3.6140     2.3066     6.2427
LEIJ     2.0957     1.0052     5.7711
LHAZ     2.2754     1.1299     6.3795
LPGS     3.4383     1.9988     7.2600
LROC     1.9990     1.0613     5.0818
MAC1     2.6711     1.2545     5.8495
MAR6     1.9196     0.8470     5.8377
MARS     2.7311     1.8752     6.0753
MAS1     2.1893     1.1235     5.2756
MATE     2.3503     1.5051     5.4769
MAUI     2.4591     1.3127     7.1435
MDO1     2.8798     1.4801     7.5530
MDVJ     2.4263     0.9308     7.4032
MEDI     2.9124     1.6314     6.8634
METS     2.1649     0.8757     6.4437
MIKL     2.0680     0.8495     6.1411
MOBN     2.8042     1.1532     7.4160
MQZG     2.7843     1.8997     5.4811
NAIN     2.0835     1.2281     5.6555
NICO     2.3286     1.2332     5.7175
NKLG     2.6095     1.8518     5.5149
NOT1     2.8367     1.8723     6.5502
NTUS     3.5896     2.3268     6.2862
NVSK     3.4505     0.8885    10.0313
ONSA     1.8921     0.8491     5.4981
OPMT     2.8128     1.1921     5.7523
ORID     2.2286     1.1759     5.3593
OUS2     2.8191     1.8828     5.9024
PADO     2.2979     1.0458     6.0166
PALM     2.8028     1.5511     7.5491
PARC     3.2603     2.0387     7.2535
PDEL     2.8420     2.1108     5.1356
PENC     2.0699     1.0447     5.7769
PERT     2.2954     1.2585     5.5309
PIE1     2.1999     1.2406     5.7829
PIMO     3.7045     3.0802     5.2513
PNGM     3.9980     3.3254     6.7310
POLV     2.1987     0.5568     7.0253
POTS     2.1564     0.7877     6.6134
PRDS     3.2246     0.7716     6.6432
PTBB     2.1770     1.2533     5.4345
QAQ1     1.9041     0.9369     4.8706
QUIN     2.5099     1.3586     6.9178
RABT     2.2049     1.0132     5.0915
RAMO     2.1328     1.0300     6.1754
REUN     2.8801     1.9977     6.6685
RIGA     2.1963     1.1372     6.2173
SCH2     2.9545     0.5918     8.6533
SFER     2.4572     1.2006     6.6151
SOFI     2.7687     1.6809     6.8061
SPK1     2.0922     1.0201     6.2597
SPT0     1.8907     1.0698     5.1785
STJO     2.2008     1.3792     5.3286
STR1     2.2470     1.6079     4.8971
SULP     2.1274     0.9243     6.3409
SUTH     2.3325     1.2101     6.0891
SUWN     3.0732     1.5707     6.0678
TASH     2.6640     0.9863     8.2217
TCMS     2.3677     1.4980     5.8906
THTI     3.4538     2.6042     6.2821
TID1     2.8019     2.1274     5.4488
TLSE     2.3916     1.0768     5.7814
TNML     2.4782     1.4925     5.9670
TONG     3.6112     1.7311     7.0701
TOW2     2.5475     1.4391     6.8017
TUBI     2.2738     1.3366     5.9844
TUVA     2.9433     2.3362     5.4177
TWTF     3.5347     1.4813     6.7235
ULAB     3.0428     1.2640     7.3213
UNSA     3.4012     1.8576     7.4016
URUM     3.3377     0.7779     8.0960
UZHL     2.5949     1.5667     6.8277
VALD     2.5769     0.9468     7.8963
VIS0     1.8474     0.7961     5.6054
WES2     2.3093     1.6547     5.0757
WGTN     3.1391     2.1089     5.4378
WHIT     3.6699     0.5699     9.0492
WILL     1.9077     0.6019     6.1915
WROC     2.2527     0.8116     5.9597
WSRT     1.8339     0.9093     5.0114
WTZR     2.3014     0.9339     6.1389
YAR2     1.8819     1.1746     4.8357
YEBE     2.0646     1.2836     5.0901
YELL     2.2762     0.5499     6.8559
YSSK     3.8236     0.9821     6.1741
ZECK     2.5401     1.2802     6.6457
ZIMM     2.4526     1.1771     6.0626
