AIRA     3.2907     2.4799     5.7211
AJAC     2.1035     1.3734     4.1291
ALGO     2.0838     0.7511     6.6290
ALIC     1.8836     1.2951     4.0033
ANKR     2.0537     0.9635     4.3770
ARTU     1.7836     0.4244     5.6119
ASPA     3.9518     2.9267     6.8578
AUCK     2.2850     1.4974     4.1888
BAIE     2.4970     0.9625     6.8903
BAKO     3.1207     2.6968     4.6857
BJFS     2.2120     1.1357     4.6307
BOGI     1.9605     1.3109     4.6015
BOGT     3.4238     1.7222     7.0425
BOR1     1.5968     0.8379     4.4541
BRAZ     2.8316     1.6142     5.3466
BREW     1.8974     1.0737     4.6584
BRMU     2.5220     1.3343     6.1288
BRST     1.9793     1.0590     5.6413
BSHM     1.9695     1.6513     3.6930
BUCU     1.6234     0.7331     4.4271
BZRG     1.9668     1.2532     4.3949
CEDU     2.2908     1.0833     4.4885
CHPI     2.0055     1.3487     4.4821
CHUM     2.1993     1.0702     5.5187
CKIS     3.2647     2.2915     6.3590
COCO     2.4151     1.8364     4.1427
COYQ     3.5501     2.5107     5.0412
CRAO     2.5228     1.4366     5.1528
CRO1     3.1869     2.0923     5.5347
DAEJ     3.1584     1.5464     4.8394
DARW     2.9164     2.1800     5.3783
DGAR     3.0223     2.2795     3.8867
DRAG     1.9031     1.4293     3.5298
DRAO     2.0069     1.3121     4.6506
DUBO     1.8818     0.7957     5.4308
EBRE     2.3083     1.8375     4.1685
FAIR     3.1651     0.5711     6.6348
FFMJ     2.1792     0.9236     4.6158
FLIN     1.9642     0.6778     5.4362
GENO     1.8725     1.3919     3.9830
GLSV     1.9539     0.8509     5.3462
GODE     1.8135     1.1809     4.3972
GOPE     1.6922     1.0025     4.0254
GRAS     2.0251     1.2817     4.4859
GRAZ     1.8945     1.0279     4.1643
GUAM     3.8525     2.8669     6.5092
GUAT     2.9347     1.3865     6.2830
HARB     2.1856     1.3265     4.7302
HERS     1.9190     1.1758     4.4676
HLFX     1.9293     1.4373     3.9991
HOB2     2.6926     2.3553     3.7460
HOFN     2.0579     1.1850     4.4599
HUEG     1.9248     0.9799     4.3378
HYDE     2.1849     1.4588     4.9939
IISC     2.4265     1.4860     5.2050
IRKJ     1.7042     0.6134     5.0681
ISTA     1.8020     1.1401     4.2644
JOZE     2.1074     1.0562     5.1826
KARR     2.1442     1.5460     4.1830
KERG     3.1488     2.6775     5.0165
KIT3     2.7849     1.5683     6.4625
KOUR     3.0923     2.3102     5.2691
LAMA     1.6178     0.8089     4.4286
LAUT     3.3672     2.5055     5.3465
LEIJ     1.6640     0.8814     4.4773
LHAZ     2.1576     0.9156     5.2852
LPGS     4.2024     2.0476     5.6852
LROC     1.6734     0.9136     4.6191
MAC1     2.6398     1.5388     5.4697
MAR6     1.7909     0.5226     5.0441
MARS     2.1441     1.3127     4.5944
MAS1     2.0564     1.2094     4.7372
MATE     1.9972     1.3129     4.0062
MAUI     2.5163     1.6184     5.8715
MDO1     2.6871     1.6991     6.1285
MDVJ     2.0070     0.8651     6.0387
MEDI     2.4657     1.3122     6.2358
METS     1.8168     0.6439     5.2585
MIKL     1.5790     0.8675     4.1061
MOBN     2.3614     0.8969     6.2962
MQZG     3.0861     1.5980     4.5540
NAIN     2.0538     1.0822     6.0785
NICO     1.8335     1.2093     4.1122
NKLG     2.7106     2.0484     5.4034
NOT1     3.5665     2.4106     6.9723
NTUS     4.2886     2.5017     6.8798
NVSK     3.0951     0.3744     8.5226
ONSA     1.7029     0.6752     5.4645
OPMT     1.9866     1.0546     4.8324
ORID     1.8354     1.2681     3.9193
OUS2     2.8762     1.9356     5.0751
PADO     1.7096     1.0472     4.1943
PALM     2.2715     0.7506     6.0617
PARC     3.4864     3.0250     5.5184
PDEL     2.4558     1.8351     4.0454
PENC     1.7538     1.0404     4.3497
PERT     2.9183     1.2853     6.0488
PIE1     2.2774     1.3252     4.9944
PIMO     3.8066     3.1821     5.0128
PNGM     3.7878     2.8620     5.0768
POLV     1.6414     0.6772     4.6786
POTS     1.7532     0.7908     4.7708
PRDS     1.9667     0.9561     5.2595
PTBB     1.8190     1.0597     4.4605
QAQ1     1.7058     0.8176     4.2597
QUIN     2.5250     1.4777     5.5802
RABT     1.8498     1.0217     4.6565
RAMO     1.7952     1.0309     4.1745
REUN     3.1922     2.1244     5.6821
RIGA     1.9271     0.8225     5.2213
SCH2     3.4004     0.4402     8.7186
SFER     2.9944     1.3732     5.1372
SOFI     2.3641     1.7388     4.6239
SPK1     2.0592     1.2117     5.0355
SPT0     1.7188     0.8888     4.8046
STJO     2.3705     1.5602     5.3220
STR1     2.7068     2.0959     4.1600
SULP     1.9141     0.9345     4.5533
SUTH     2.2193     1.3200     5.0631
SUWN     2.9649     1.5788     4.9923
TASH     2.3993     1.0822     4.9441
TCMS     2.3893     1.6092     4.9595
THTI     3.7574     2.8536     7.3957
TID1     3.1776     2.8466     4.2325
TLSE     1.7406     0.9920     4.2917
TNML     2.3903     1.5276     4.9842
TONG     4.9457     2.0287     6.9389
TOW2     2.4105     1.8241     4.6016
TUBI     2.3329     1.1591     4.4084
TUVA     3.1526     2.4900     5.1770
TWTF     3.1961     1.2839     8.1243
ULAB     2.6244     0.7529     6.3298
UNSA     3.8403     2.2330     6.3887
URUM     3.0669     0.5992     7.2289
UZHL     2.1869     1.3064     5.4453
VALD     2.5682     0.8951     7.7890
VIS0     1.5193     0.7871     4.3796
WES2     2.1400     1.3343     5.5041
WGTN     3.6033     2.5283     5.8419
WHIT     3.2764     0.4880     7.7658
WILL     1.7987     0.7699     4.7817
WROC     1.6779     0.7887     4.5277
WSRT     1.6315     0.7869     4.4270
WTZR     1.7310     0.9436     4.4870
YAR2     1.8872     1.2760     4.5538
YEBE     1.8073     1.1846     4.2167
YSSK     2.5297     1.1124     4.4665
ZECK     1.7403     1.0085     4.5294
ZIMM     2.0474     1.3310     5.1462
