AIRA    12.6862    10.8898    19.2257
AJAC     6.4513     4.7728    12.2173
ALGO     7.0492     2.9915    17.5900
ALIC     7.4336     4.7936    13.0766
ANKR     5.6881     3.3308    13.7113
ARTU     6.7988     0.2859    21.9206
ASPA    13.6584    11.3414    18.3381
AUCK     6.4908     5.0581    11.5913
BAIE     7.1389     4.2118    18.3208
BAKO    10.7631     9.3615    15.8072
BJFS     6.2565     4.1258    14.2354
BOGI     7.7712     4.6885    19.9568
BOGT    18.8143     5.5254    29.4333
BOR1     5.9186     2.7576    17.6166
BRAZ     8.2724     5.6656    14.9881
BREW     5.5746     3.5301    14.7069
BRMU     7.4552     6.2604    11.4572
BRST     5.9873     4.6753    10.6518
BSHM     7.1867     5.8025    14.5996
BUCU     5.8156     2.6605    14.9129
BZRG     7.2480     5.0344    16.9042
CEDU     6.2348     4.2435    13.5927
CHPI     7.0881     5.4071    13.2293
CHUM     7.9211     3.4702    19.5704
CHUR     6.4130     1.7242    19.0510
CKIS    10.0897     7.9917    18.7937
COCO     8.4237     6.9972    13.4202
COYQ     7.4920     6.5290    11.5721
CRAO     8.6250     6.6229    17.0889
CRO1    11.5277     9.8642    17.1653
DAEJ     7.5475     5.8448    14.5686
DARW    10.6325     9.0567    15.8740
DGAR     9.1693     8.1426    13.5565
DRAG     6.3139     5.0822    12.0501
DRAO     6.1726     4.5248    14.0871
DUBO     7.8168     3.5529    20.7153
EBRE     7.8505     6.9367    11.7413
FFMJ     6.5775     3.0284    17.7022
FLIN     7.6920     1.6384    23.8717
GENO     7.7915     5.5197    17.5048
GLSV     6.9028     3.5739    18.8600
GODE     7.2820     5.1571    15.3344
GOPE     6.5852     3.3207    18.6889
GRAS     5.7505     4.2492    12.0968
GRAZ     5.9449     3.2230    16.1822
GUAM    13.9942    12.5036    18.9504
GUAT     7.7876     5.8237    15.0632
HARB     6.2343     4.8100    12.2686
HERS     6.2625     4.1296    13.8168
HLFX     6.6881     5.2724    12.0381
HOB2     7.2872     6.2381    11.6779
HOFN     6.9329     4.4739    12.8068
HUEG     6.7691     3.4746    18.1822
HYDE     6.8402     5.3053    12.8961
IISC     7.7323     5.4411    14.9874
IRKJ     5.9685     1.9693    19.7341
ISTA     6.0712     3.8636    15.0360
JOZE    10.1633     3.9150    28.0094
KARR     7.1644     5.6512    11.5306
KERG    10.2977     9.1272    14.1775
KIT3    10.1517     6.5524    23.1546
KOUR    10.7531     8.8058    17.0530
LAMA     6.2236     2.3387    19.1329
LAUT    10.3100     9.2905    13.9357
LEIJ     5.7845     3.2153    15.8944
LHAZ     7.1919     4.7395    16.0203
LPGS    11.5807     8.9298    20.7246
LROC     5.4691     4.0878    11.8055
MAC1     6.2593     4.5106    12.4083
MAR6     5.9616     2.2057    19.2410
MARS     8.1066     5.2137    17.7750
MAS1     6.5140     5.2471    11.0742
MATE     6.8890     5.3293    13.4069
MAUI     5.6546     3.6881    13.2036
MDO1     8.3449     5.7052    18.3073
MDVJ     8.0981     2.7946    23.6716
MEDI     7.8521     4.8431    19.9046
METS     5.7169     1.4512    18.1655
MIKL     5.6860     3.2676    14.7113
MOBN    10.4824     3.4617    33.2259
MQZG     6.7166     5.4697    10.9286
NAIN     5.2646     3.6888    11.7172
NICO     6.5342     4.8920    13.4956
NKLG     9.5916     7.7364    15.1606
NOT1    10.0949     7.4871    19.8441
NTUS     9.5491     8.0452    15.3763
NVSK    12.6399     2.3786    36.9566
ONSA     5.7970     3.1401    15.9794
OPMT     6.8019     4.3144    17.1456
ORID     6.2451     4.3581    13.5629
OUS2     7.1072     5.5257    12.5760
PADO     6.7132     4.1419    14.3657
PALM     6.3922     3.9555    15.6720
PARC     9.2600     7.5627    17.5851
PDEL     7.8106     7.0034    10.8237
PENC     6.8272     3.7404    17.4245
PERT     7.5906     5.6613    13.3800
PIE1     6.8631     4.3761    13.8170
PIMO    14.9537    13.9558    17.0058
PNGM    12.3116    11.1029    17.0815
POLV     6.0312     2.2724    18.1194
POTS     6.0688     2.1164    18.3031
PRDS     5.9202     2.3592    18.5581
PTBB     8.0265     4.4516    20.4470
QAQ1     4.7940     2.8806    10.6931
QUIN     7.4653     4.5809    16.8677
RABT     5.8554     4.4952    11.7706
RAMO     5.5857     3.7012    12.6500
REUN    10.9187     8.2442    21.8038
RIGA     7.1752     3.3038    21.6190
SCH2     8.0464     2.8511    18.0706
SFER     6.2823     4.7793    11.3402
SOFI     8.5570     6.0807    19.2413
SPK1     5.9387     4.0368    13.4627
SPT0     6.1379     3.0670    17.5456
STJO     6.6511     5.3693    11.9455
STR1     7.4986     6.1136    12.4770
SULP     6.7571     3.0502    17.7649
SUTH     5.6475     3.9294    12.1808
SUWN     8.4871     6.3133    15.1155
TASH     7.1982     3.5692    16.0925
TCMS     7.5120     6.1741    13.4873
THTI    12.9463    10.5583    20.2993
TID1    10.1190     8.6076    15.4900
TLSE     6.4036     4.3723    13.8695
TNML     7.2751     5.8761    13.2602
TONG    10.3049     8.7532    16.4831
TOW2     8.4212     6.7984    13.8278
TUBI     7.1177     4.9669    16.3507
TUVA    10.3970     9.4049    13.6926
TWTF     8.4779     6.0560    14.6821
ULAB     6.7183     3.1726    18.1439
UNSA    10.5053     8.0182    19.3546
URUM     8.6721     2.5300    20.5035
UZHL     9.7919     6.2433    22.1953
VALD     6.8941     3.5901    17.1939
VIS0     6.4839     1.9514    22.1350
WES2     8.9850     5.5740    17.7532
WGTN     7.6849     6.7297    11.5304
WHIT     6.0121     1.0082    18.9975
WILL     4.8757     1.7364    14.9981
WROC     5.9218     2.8033    16.7536
WSRT     5.1977     2.9918    14.5053
WTZR     6.1197     3.0611    17.2990
YAKT    10.4152     1.3178    25.7933
YAR2     5.8840     4.5255    11.2468
YEBE     6.4799     5.0149    12.0211
YSSK     5.5156     4.0628    12.5416
ZECK     6.3662     3.8754    15.9901
ZIMM     5.4338     3.4611    13.0663
